
power = 2701.02315166018
throughput = 3019.17
composite = 2855.66946070406
